ITEM##[4] DATE (8)PRICE (4)CURRENT QYY(5) PREV QTY
0001010120191999000010001
0002010120191999000020001
0003010120192999000020003
0004010120192999000030005
0005010220194999000040006
0006010220195999000030005
0007010220196999000040001
0008010220197999000020001
0009010320198999000020008
0010010320199990000400001
0011010320199990000700007
0012010320199990000800001
0013010420191990000100005
0014010420199990000100010
0015010420189990000400001
0016010520199990000400001
0017010520199990000400001
0018010520192999000020002
0019010720193999000020003
0020010820197999000010001
0021010820192999000050004
0022010920199990000200010
0023011120194999000200020
0024011120195999000200040
0025011120196999000800030
0026011120192999000200010
0027011120191999000100020
0028011120199990002000060
0029011120199199000400010
0030011120194999000500008
0031011120198999000030003
0032011120194999000050005
0033011120192999000030001
0034011120193999000030002
0035011120194999000020002
0036011120196999000050004
0037011120197999000080009
0038011120195999000010001
0039011120192999000020050
00400111201929990000200020